2017406616
2039452733
2097200059
2098224803
2101817787
2101892319
2143086400
2143086401
2143086402
2115634077
2130123721
2127132164
2115865131
2115865137
2127132158
2128146947
2117862999
2130037984
2117964837
2124882386
2123981701
2122990527
2125513898
2125513896
2125627905
2125627906
2123039880
2130037982
2125627907
2149325528
2153858004
2153858005
2154636144
2155574935
2155945961
2158045395
2158045396
2158045406
2159717594
2155574934
2154960794
2154768368
2158045398
2162748731
2162748737
2162748738
2162748741
2162748745
2162748746
2164273232
2164273233
2170541378
2174594403
2174594404
2174594405
2174594406
2174594408
2174594409
2176046901
2176138695
2176600402
2176600405
2177729708
2179061306
2179061307
2179061312
2179061315
2179061316
2179061319
2179061321
2179613830
2179613831
2180395505
2180395508
2162748742
2162790301
2163434050
2163434054
2163434056
2163434060
2163434062
2163434064
2174594402
2176545214
2147210484
2158142331
2153790923
2149162378
2158045397
2193885087
2181165881
2181336887
2181413835
2183214918
2194505435
2206831556
2206831558
2206831560
2206831563
2249275865
2249275866
2249275867
2249275868
2249275870
2249275873
2249275874
2249275877
2249275883
2249379592
2249379596
2249379600
2249379603
2249379605
2249379606
2249379611
2249379614
2249488754
2249488757
2249488759
2249573143
2249573145
2249573147
2249573150
2249573151
2249573153
2249573157
2249573159
2249573162
2249573163
2249573165
2249573168
2249573170
2249573172
2249573175
2266143005
2271926229
2271926231
2271926233
2280949399
2280949402
2280949405
2281489063
2281489064
2281489067
2281489068
2289955467
2290041840
2290041841
2290041842
2290149784
2290149786
2290737434
2290737436
2290737438
2290948303
2290948305
2290948307
2290834456
2289802427
2266143003
2266143001
2290834454
2290948295
2285814285
2266143002
2307298775
2330885876
2330885879
2330885880
2331727873
2331727874
2338485142
2300346865
2300346867
2298636533
2307215964
2298724230
2298724231