2758477939
2763167192
2742816178
2747400792
2758477937
2755789647
2761862657
2772324456
2755026448
2773378373
2755026450
2773378371
2769810241
2769810246
2763167197
2747295503
2761862660
2773378366
2747400791
2773378363
2773378367
2758477944
2742816181
2731939987
2755026451
2769810245
2763167194
2760809591
2773378365
2755026455
2760809589
2726168130
2772324455
2751161222
2751161220
2762016126
2760809590
2755789646
2760809592
2773378368
2763167195
2757389967
2729334818
2758477940
2758477947
2763167193
2773378364
2773238376
2772212408
2758477941
2761862663
2731939988
2747400788
2747400790
2747400793
2740940638
2758477946
2755789644
2769810247
2731939989
2727570056
2763307434
2769810244
2769810242
2747295511
2734385179
2748980166
2727570055
2769810250
2761862662
2750067371
2758477942
2755789645
2747295508
2769810243
2742816179
2757389965
2773238378
2727570057
2757389964
2726168127
2751161223
2769810249
2773378370
2736487590
2758477948
2773378369
2773238377
2763167196
2760809593
2746326134
2727687264
2761862658
2772324457
2763167198
2773378372
2751161224
2772324458