2386218941
2364259464
2458113475
2429111708
2364259464
2386108298
2468431658
2297330238
2297330238
2297330238
2297330238
2297330238
2297330238
2359872116
2458113475
2457163338
2429111708
2401696161
2393754038
2393754038
2393754038
2393754038
2393754038
2393754038
2393754038
2393754038
2393754038
2161485074
2161485074
2161485074
2557277958
2480526167
2306305788
2364259464
2458113476
2569330908
2342765608
2386108298
2314579591
2314579591
2285908970
2276753043
2404912303
2458019687
2447041942
2447041942
2447041942
2265799142
2407349011
2580034351
2265799142
2386108318
2401696162
2543721439
2568215791
2260798819
2276753040
2276803214
2297330260
2305085742
2335141269
2370251588
2380233814
2559439607
2568215789
2597486512
2597486531
2261003305
2338068945
2418923072
2401696164
2407232183
2421969865
2423661803
2428707862
2447179173
2474692176
2486005328
2494108744
2514336424
2522309065
2525361818
2597486506
2376917350
2341830322
2341830322
2386108298
2289802429
2261003304
2297330266
2386218936
2410220746
2188656951
2152833601
2297434397
2580034352
2298636530
2401696160
2285005738
2335469901
2185670899
2297330232
2426341588
2441752625
2495517181
2468509277
2317409125
2285005737
2294026262
2306305791
2359872118
2459285599
2486005327
2495517179
2518466822
2522309063
2569189203
2572696964
2597486508
2106622385
2106622385
2088350627
2088350627
2088350627
2285005736
2468509279
2285908970
2401854373
2447179174
2447179175
2404912303
2404912303
2266721643
2207354846
2137160823
2151471662
2327276690
2335404315
2297330238
2355706471
2107387086
2057864813
2229588232
2107387086
2057864813
2229588232
2099172215
2107387086
2099172215
2297330238
2057864813
2335404315
2297330238
2335404315
2099172215
2335404315
2297330238
2088350628
2090621773
2088350628
2090621773
2088350628
2090621773
2088350628
2088350628
2090621773
2090621773
2088350628
2088350628
2088350628
2375022202
2375022203
2451542572
2495371780
2306104965
2112362213
2112362213
2543721440
2235545215
2558421406
2306104965
2242812485
2597641559
2090621772
2114923055
2090621772
2235545215
2114923055
2306104965
2090621772
2306104965
2090621772
2114923055
2306104965
2090621772
2090621772
2114923055
2114923055
2306104965
2242812485
2114923055
2306104965
2242812485
2242812485
2242812485
2090621772
2235545215
2306104965
2114923055
2114923055
2242812485
2306104965
2242812485
2114923055
2558421406
2558421406
2306104965
2242812485
2276803215
2502227519
2590746445
2495517180
2106622386
2106622386
2086521617
2106622386
2086521617
2106622386
2086521617
2106622386
2086521617
2106622386
2086521617
2086521617
2086521617
2086521617
2106622386
2086521617
2106622386
2106622386
2106622386
2086521617
2106622386
2086521617
2285908970
2161485074
2341830321
2530538031
2276753043
2297434402
2338068945
2355706471
2377876931
2134056988
2257804759
2410220747
2257804759
2289802426
2321197169
2168930427
2396285114
2469531421
2168930427
2186245507
2219197097
2410220746
2276753043
2285908970
2359872126
2298395262
2298636536
2336482942
2323806166
2534488877
2575954729
2428707860
2185670899
2232487072
2285814286
2335141268
2335469900
2458019689
2520750955
2314579593
2305085743
2332607311
2362618449
2559327644
2468509280
2468509280
2500071034
2504361074
2340432418
2561262323
2569189202
2386218940
2534488876
2401696163
2278169562
2265799140
2265799140
2265799140
2265799140
2265799140
2265799140
2265799140
2265799140
2376917351
2314579592
2284939324
2088350627
2088350627
2386218934
2114923056
2108424960
2108424960
2108424960
2108424960
2112362213
2112362213
2112362213
2112362213
2112362213
2112362213
2112362213
2112362213
2112362213
2102456827
2102456827
2102456827
2102456827
2102456827
2102456827
2102456827
2066615644
2458113473
2066615644
2152833601
2186245507
2219197097
2229588232
2057864813
2057864813
2099172215
2057864813
2057864813
2057864813
2057864813
2057864813
2057864813
2057864813
2057864813
2099172215
2057864813
2082851989
2108424957
2108424957
2108424957
2108424957
2108424957
2108424957
2090621773
2090621773
2261003305
2090621772
2575954731
2114923055
2569189204
2235545215
2090621772
2235545215
2090621772
2481561284
2114923055
2481561284
2481561284
2569189204
2276753041
2300479973
2300479973
2300479973
2300479973
2300479973
2300479973
2300479973
2300479973
2317409127
2396285113
2314579597
2314579597
2297330238
2297330238
2297330238
2297330238
2297330238
2297330238
2533130754
2100138742
2100138742
2100138742
2100138742
2100138742
2100138742
2533130754
2381168625
2520614769
2285908970
2276753043
2285814287
2340432418
2340432418
2340432418
2340432418
2340432418
2340432418
2340432418
2340432418
2340432418
2340432418
2576096737
2576096738
2106622386
2106622386
2495371781
2386218939
2495517182
2335469899
2305218284
2557277957
2569558498
2134056988
2317409123
2121858692
2121858692
2121858692
2121858692
2121858692
2121858692
2121858692
2121858692
2572790511
2469487281
2314579597
2401696168
2458019686
2285005735
2514336427
2242812485
2242812485
2514336427
2107387086
2107387086
2107387086
2107387086
2436969799
2120851448
2469487282
2370251589
2242812485
2242812485
2242812485
2242812485
2242812485
2242812485
2242812485
2242812485
2242812485
2099172215
2404912306
2419188077
2458019688
2381168626
2305218283
2359872122
2557277956
2266721642
2469531420
2257804758
2410220746
2068478638
2068478638
2068478638
2068478638
2068478638
2068478638
2068478638
2068478638
2068478638
2068478638
2068478638
2068478638
2068478638
2068478638
2188656951
2386218935
2188656951
2559439609
2401696159
2401696159
2401696159
2401696159
2401696159
2386218939
2289802428
2498460195
2498460195
2083666861
2083666861
2083666861
2083666861
2083666861
2083666861
2083666861
2083666861
2083666861
2083666861
2086521617
2083666861
2083666861
2261003303
2341830322
2289802425
2357405727
2357405727
2357405727
2088350627
2088350627
2276753042
2134056988
2134056988
2114923056
2108424960
2108424960
2108424960
2155945958
2112362213
2165012283
2165012283
2165012283
2165012283
2102456827
2185759473
2314579597
2219197097
2188656951
2386218935
2297330238
2481561284
2265799141
2265799141
2300479973
2300479973
2357405727
2357405727
2357405727
2357405727
2357405727
2357405727
2381168626
2386218939
2340432418
2242812485
2242812485
2242812485
2121858692
2597641549
2106622385
2106622385
2106622385
2107387086
2107387086
2569330909
2120851448
2370251589
2370251589
2369437269
2369437269
2401696159
2100138742
2100138742
2083666861
2429111707
2155945958
2257804758
2257804758
2374940572
2153790922
2153790922
2153790922
2153790922
2153790922
2153790922
2153790922
2533130765
2525361820
2533130764