2597486529
2590746451
2572696964
2575954730
2580034351
2599095276
2597641548
2597641547
2590856494
2597486533
2575954731
2580034352
2575954729
2579756676
2607268365
2590746447
2579756675
2623430756
2607268363
2579756674
2597486512
2597641550
2590746448
2591971677
2597641551
2637815039
2622207775
2597641552
2597486520
2590746449
2607268360
2622312828
2609530650
2597641559
2609530654
2637911193
2597486531
2597641546
2609530651
2597486506
2597486508
2597486505
2591612103
2637536000
2609530653
2637911189
2597486510
2597641560
2597641554
2636774694
2637815051
2597641555
2597641553
2640019071
2637911194
2609614202
2609530657
2602772509
2625979942
2625718726
2613980870
2602772507
2602772504
2602772503
2620942558
2607268359
2631872506
2613158820
2602772501
2613158821
2610732736
2607268367
2607268368
2613980871
2607268361
2613158819
2608173729
2607268364
2622207774
2623504697
2634659423
2631872504
2609530649
2613980874
2621205583
2637911191
2631872503
2613980865
2613980867
2615281578
2613980869
2640194029
2613980872
2610732741
2613980868
2613074205
2637815043
2613980866
2613980863
2613074204
2613158818
2612933311
2615190027
2640019068
2615190025
2615190026
2615190024
2618746301
2637911192
2618623909
2618623910
2640019070
2637911195
2620942561
2620942560
2636774684
2637535996
2635781243
2620942559
2621205585
2636774688
2636774686
2636774689
2636774690
2637815041
2622207772
2622207773
2636774685
2636774687
2625718728
2636774693
2631872500
2625979945
2625979947
2625718727
2638507796
2637535994
2626077863
2625979944
2636878629
2637815048
2637815037
2637815050
2634728687
2637815047
2634659422
2637815046
2634728681
2637815040
2631872501
2637535998
2636774692
2631872502
2637815042
2636774695
2634728684
2634728682
2631872505
2640194028
2634728686
2637535992
2634728685
2635679729
2634659420
2637535997
2637535999
2634659421
2637815038
2634508232
2636878632
2636878633
2636774691
2637535993
2636878630
2637535991
2635436689
2636878631
2637911190
2637535995
2638748555
2638748556
