1073757902
1780951947
1942488101
1467510040
1730794694
1649632787
1508856154
1487972261
1720298672
1861620957
1013002435
1649288002
1316041718
1376983122
1972890754
1275519837
1396857181
1326319021
1073711453
1538182407
1285656900
1518933266
1285042929
1154401354
1730160201
1154360998
1124473145
1841746799
1063474583
1710086533
1487706347
1144527441
1730557794
1760427439
1417059957
1144526773
1477785160
1063689990
1225038961
1619036514
1457428351
1457428351
1801902051
1225008238
1831732445
1356637359
1568585024
1386778033
1205940145
1861699621
1053394817
1952343121
1467562249
1265731905
1629382890
1326363557
1144280348
1619105541
1205804671
1972595122
1780684910
1295733640
1104041995
1437166295
1487298188
1154322998
1649324443
1235351206
1316287022
1881122315
1134220544
1750928297
1053417808
1194712570
1912280173
1306074802
1801208707
1639121015
1275889081
1134197528
1275586430
1427555218
1023054699
1518931450
1871513002
1245332220
1871513002
1972616100
1386977437
1205833662
1649295635
1881900116
1881900116
1558497891
1245234780
1467625277
1447502661
1982816468
1801307368
1912969353
1093720666
1174582688
1639288368
1194746842
1760502322
1740430289
1407966500
1902833734
1356357560
1114946696
1447505284
1811941909
1922005602
1487802674
1528092459
1962439299
1649248782
1972541266
1780628842
1285633867
1043391584
1831201805
1174765960
1982646832
1982646832
1508987371
1134415854
1407200306
1588907802
1811530025
1144757386
1396021002
1497860126
1689680548
1689680548
1871544163
1407856404
1306810031
1699126730
1053651497
1962825000
1750491908
1518109719
1326244062
1992725626
1447251145
1366511370
1154780328
1154780328
1679834006
1598730590
1871607713
1306836770
1124205059
1972823672
1972823672
1396282711
1750794202
1225117328
1497807853
1477796845
1932119385
1396939526
1396064390
1245344126
1871060046
1043300809
1982867602
1427015593
1578614657
1578614657
1245234780
1568763043
1174586960
1437122082
1912914821
1184828964
1689829210
1992712830
1134109390
1942278221
1639232440
1285650028
1306847124
1427003300
1427003300
1821459785
1700866894
1588650436
1053368654
1013338722
1336166180
1659786192
1427396878
1629361688
1538248166
1932114733
1578791588
1093826539
1548395239
1760481915
1467867135
1346427861
1932114733
1982043139
1679749501
1851389464
1821158775
1326235136
1619902491
1700956331
1366068124
1831458835
1720024128
1174694079
1093722852
1922071059
1790098218
1003104167
1558404558
1780891457
1043241821
1588834451
1588834451
1588834451
1548610496
1154860963
1881789147
1871532960
1629281845
1497762355
1780652073
1831270362
1306860465
1225058597
1811282650
1639102346
1235227984
1164507869
1578648523
1629412614
1619072774
1916072774
1184629131
1881970077
1265442180
1831186683
1497774954
1033107750
1467428524
1326035874
1932526456
1821035536
1912901471
1356455299
1891877395
1922081843
1306836770
1306836770
1801270137
1295716736
1669669339
1790893857
1023034873
1457322430
1326063801
1790973204
1427336759
1982640371
1366484883
1104264472
1922163310
1346607215
1164836896
1164836896
1689720112
1497126197
1649301698
1598846834
1922273887
1891721080
1801855028
1003957077
1740606870
1306940705
1922067081
1932351657
1225294713
1962583104
1710956412
1710956412
1548444250
1184777468
1669677365
1669491809
1487802674
1548701287
1992818892
1073830675
1245481266
1356407415
1184140964
1528243359
1710309513
1528221843
1871664540
1831521681
1659317733
1104351097
1154380582
1265815880
1861415390
1538250980
1225117328
1922149350
1477998615
1285620443
1780619502
1427248319
1346217551
1235135518
1417067588
1245644681
1639732258
1578746582
1093801854
1962601047