2386218941
2495371772
2458113475
2429111708
2364259464
2479408335
2468431658
2298724222
2316457819
2335404313
2364192084
2403850175
2440553538
2359872116
2479408334
2457163338
2495371779
2401696161
2597641550
2393754038
2408270243
2451542565
2468184861
2480336199
2533130755
2541558971
2575954735
2278169559
2297330243
2327229877
2557277958
2480526167
2306305788
2470449713
2459285601
2569330908
2342765608
2386108298
2361880245
2314579591
2495371776
2495371777
2404912303
2458019687
2479408336
2447041942
2470449707
2284700998
2407349011
2580034351
2265799142
2386108318
2401696162
2543721439
2568215791
2260798819
2276753040
2276803214
2297330260
2305085742
2335141269
2370251588
2380233814
2559439607
2568215789
2597486512
2597486531
2261003305
2338068945
2418923072
2401696164
2407232183
2421969865
2423661803
2428707862
2447179173
2474692176
2486005328
2494108744
2514336424
2522309065
2525361818
2597486506
2376917350
2495371778
2341830322
2470449706
2289802429
2261003304
2297330266
2386218936
2495371768
2275606354
2282770030
2297434397
2580034352
2298636530
2401696160
2285005738
2335469901
2297330209
2297330232
2426341588
2441752625
2495517181
2468509277
2317409125
2285005737
2294026262
2306305791
2359872118
2459285599
2486005327
2495517179
2518466822
2522309063
2569189203
2572696964
2597486508
2261657192
2284700996
2284701003
2310359727
2314579586
2285005736
2468509279
2369331406
2401854373
2447179174
2447179175
2495371762
2470449708
2266721643
2268010735
2281604638
2284701002
2327276690
2440553539
2440553540
2440614492
2275606352
2276753038
2285692033
2293335364
2297330220
2297330248
2305085738
2321114319
2331915405
2335404314
2338485143
2340552261
2364192085
2364192086
2394823342
2403850173
2403850174
2495371782
2541558978
2278169560
2286920362
2297330254
2314579588
2331915406
2336482943
2359872120
2376578808
2376917349
2400380868
2426674622
2375022202
2375022203
2451542572
2495371780
2498527925
2525361823
2525361824
2543721440
2576096736
2591971677
2597486514
2597641551
2597641559
2266721644
2276753037
2286920364
2298636537
2305085741
2306104965
2314579596
2327229876
2327276691
2338068944
2355802024
2357405724
2378808025
2386218938
2390650669
2394823345
2408270245
2420024436
2436969800
2451542567
2468184862
2480336200
2486845367
2487758877
2498527926
2504196483
2531960538
2533130756
2533130762
2541558972
2557397469
2558421406
2559439608
2569189205
2575954736
2276803215
2502227519
2590746445
2495517180
2288071471
2393754040
2597486533
2266721641
2276753039
2287979640
2298724229
2307298767
2321197170
2335404311
2357495882
2390650671
2401854372
2416515809
2421840499
2430227251
2440553537
2468509275
2504196480
2531960541
2534488874
2557277960
2285908970
2430227252
2341830321
2530538031
2276753043
2297434402
2374940571
2355706471
2377876931
2400310284
2369437267
2410220747
2369331408
2289802426
2321197169
2361880247
2396285114
2469531421
2282770027
2282770028
2282770029
2470449712
2341830323
2369331410
2359872126
2298395262
2298636536
2336482942
2340552263
2534488877
2575954729
2428707860
2275956523
2364939902
2285814286
2335141268
2335469900
2458019689
2520750955
2314579593
2305085743
2332607311
2369437266
2559327644
2559439610
2468509280
2500071034
2504361074
2541558980
2561262323
2569189202
2386218940
2534488876
2401696163
2278169562
2457163341
2265799140
2290737441
2313381307
2342765607
2375022200
2400310285
2428903032
2376917351
2314579592
2284939324
2443442792
2323806163
2386218934
2384026058
2440553544
2569189206
2394823344
2533130763
2284700993
2298636532
2310486819
2335469898
2357405726
2378868220
2400310283
2475686428
2504361072
2541558979
2286920363
2314579589
2359872119
2376578809
2420024437
2421840497
2441631151
2458113473
2394764656
2361825015
2361880246
2361880243
2345368682
2557277959
2344445929
2357405723
2357405725
2386218937
2396285115
2409087002
2430227254
2457163332
2486005329
2504196482
2514336423
2531960540
2314692159
2419188076
2300479972
2314579590
2338201698
2386108319
2390650668
2420024439
2498527929
2266721637
2569330911
2575954731
2597486526
2597641560
2370251586
2404837422
2419905786
2446920994
2481561284
2504361071
2511190755
2561359213
2569189204
2276753041
2597641558
2317409128
2364259463
2388238727
2409351271
2423661802
2541558976
2575954732
2317409127
2396285113
2314579597
2361880242
2558569596
2441351675
2479345521
2481561288
2504196481
2531715842
2565422298
2284700994
2305218282
2331915404
2359872125
2370251587
2404837420
2533130754
2381168625
2520614769
2470449714
2470449715
2285814287
2579756674
2341830325
2393754036
2410220745
2440553543
2457163346
2481561283
2504297239
2533130759
2557124149
2576096737
2576096738
2569558500
2393754039
2495371781
2386218939
2495517182
2341830324
2305218284
2557277957
2569558498
2426341589
2317409123
2279884638
2297330204
2310486818
2324148411
2381168623
2419134807
2440553542
2454503986
2590856493
2469487281
2549741759
2401696168
2458019686
2285005735
2558421407
2360016165
2375022205
2514336427
2359040671
2394823343
2458113474
2504361070
2436969799
2288071470
2469487282
2370251589
2597641552
2393754037
2408270244
2451542568
2468184863
2480336201
2533130758
2541558973
2575954737
2561262327
2404912306
2419188077
2459285600
2470449709
2305218283
2359872122
2557277956
2266721642
2469531420
2369331407
2410220746
2572790510
2284700991
2297330226
2316616468
2336482941
2359040670
2380233815
2402873462
2440614491
2453816412
2485914685
2498460194
2525361821
2548071873
2384026059
2470449711
2551900166
2559439609
2476784225
2401696159
2404837429
2440553536
2476784226
2548141063
2289802428
2553931546
2498460195
2579756675
2278169561
2300479971
2323806164
2342765606
2364259465
2384026057
2412577849
2440553541
2457163334
2506565807
2528638613
2557397470
2261003303
2470449716
2289802425
2357405727
2376836287
2397325384
2367135418
2436726359
2276753042
2320225195
2338383688
2297330271
2327229875
2357405722
2498527924
2401932994
2448348700
2469531418
2305218279
2386108320
2430227253
2498527928
2361880248
2549741758
2551777736
2551900165
2386218935
2316457818
2590856492
2284700999
2265799141
2300479973
2469487280
2559439606
2421840498
2450256436
2479345522
2507700411
2528638612
2381168626
2470449710
2364259462
2284701000
2307298769
2331915403
2533252512
2597641549
2359711714
2307298763
2327229874
2504297240
2561110230
2569330909
2308167720
2569330912
2428707861
2416515810
2369437269
2559327643
2569189200
2500071032
2504297238
2429111707
2401932995
2416515811
2369437268
2374940572
2460115990
2284700990
2307298765
2337468070
2387333549
2413550161
2425212732
2533130765
2525361820
2534488873